[ [(轮次级)  [(句子级)  [(词级)10], [10], [10], [10], [10], [10], [10], [-1], [-1], [-1], [-1], [-1], [-1], [-1],
[-1], [-1], [-1], [-1], [-1], [-1], [-1], [-1], [-1], [-1], [-1], [-1], [-1], [-1], [-1],
[-1], [-1], [-1], [-1], [-1], [-1], [-1], [-1], [-1], [-1], [-1], [-1], [-1], [-1], [-1],
[-1], [-1], [-1], [-1], [-1], [-1], [-1], [-1], [-1], [-1], [-1], [-1], [-1], [-1], [-1],
[-1], [-1], [-1], [-1], [-1], [-1], [-1], [-1], [-1], [-1], [-1], [-1], [-1], [-1], [-1],
[-1], [-1], [-1], [-1], [-1], [-1], [-1], [-1], [-1], [-1], [-1], [-1], [-1], [-1], [-1],
[-1], [-1], [-1], [-1], [-1], [-1], [-1], [-1], [-1], [-1], [-1], [-1], [-1], [-1], [-1],
[-1], [10], [10], [-1], [-1], [-1], [-1], [-1], [-1], [-1], [-1], [-1], [-1]], [[-1], [-1],
 [-1], [-1], [9], [-1], [-1], [-1], [-1], [-1], [-1], [-1], [-1], [-1], [-1], [-1], [-1], [-1],
  [-1], [-1], [-1], [-1], [-1], [-1], [-1], [-1], [-1], [-1], [-1], [-1], [-1], [-1], [-1], [-1],
  [-1], [-1], [-1], [-1], [5], [-1], [-1], [-1], [-1], [-1], [-1], [-1], [-1], [-1], [-1], [-1], [-1],
   [-1], [-1], [-1], [-1], [-1], [-1], [-1], [-1], [-1], [-1], [-1], [-1], [-1], [-1], [-1], [-1],
   [-1], [-1], [-1], [-1], [-1], [-1], [-1], [-1], [-1], [-1], [-1], [-1], [-1], [-1], [-1], [-1],
   [-1], [-1], [-1], [-1], [-1], [-1], [-1], [-1], [-1], [-1], [-1], [-1], [-1], [-1], [-1], [-1],
   [-1], [-1], [-1], [-1], [-1], [-1], [-1], [-1], [-1], [-1], [-1], [-1], [-1], [-1], [-1], [-1],
   [-1], [-1]]],







   , [[[-1], [-1], [-1], [-1], [-1], [-1], [-1], [-1], [-1], [-1], [-1], [-1], [-1],
    [-1], [-1], [-1], [-1], [-1], [-1], [-1], [-1], [-1], [-1], [-1], [-1], [-1], [-1], [-1], [-1],
    [-1], [-1], [-1], [-1], [-1], [-1], [-1], [-1], [-1], [-1], [-1], [-1], [-1], [-1], [-1], [-1],
    [-1], [-1], [-1], [-1], [-1], [-1], [-1], [-1], [-1], [-1], [-1], [-1], [-1], [-1], [-1], [-1],
     [-1], [-1], [-1], [-1], [-1], [-1], [-1], [-1], [-1], [-1], [-1], [-1], [-1], [-1], [-1], [-1],
      [-1], [-1], [-1], [-1], [-1], [-1], [-1], [-1], [-1], [-1], [-1], [-1], [-1], [-1], [-1], [-1],
      [-1], [-1], [-1], [-1], [-1], [-1], [-1], [-1], [-1], [-1], [-1], [-1], [-1], [-1], [-1], [-1],
      [-1], [-1], [-1], [-1], [-1], [-1], [-1], [-1]], [[-1], [-1], [-1], [-1], [-1], [-1], [-1], [-1],
      [-1], [-1], [-1], [-1], [-1], [-1], [-1], [-1], [-1], [-1], [-1], [-1], [-1], [-1], [-1], [-1],
       [-1], [-1], [-1], [-1], [-1], [-1], [-1], [-1], [-1], [-1], [-1], [-1], [-1], [-1], [-1], [-1],
        [-1], [-1], [-1], [-1], [-1], [-1], [2], [-1], [-1], [-1], [-1], [-1], [-1], [-1], [-1], [-1],
        [-1], [-1], [-1], [-1], [-1], [-1], [-1], [-1], [-1], [-1], [-1], [-1], [-1], [-1], [-1], [-1],
         [-1], [-1], [-1], [-1], [-1], [-1], [-1], [-1], [-1], [-1], [-1], [-1], [-1], [-1], [-1], [-1],
          [-1], [-1], [-1], [-1], [-1], [-1], [-1], [-1], [-1], [-1], [-1], [-1], [-1], [-1], [-1], [-1],
           [-1], [-1], [-1], [-1], [-1], [-1], [-1], [-1], [-1], [-1], [-1], [-1], [-1]]], [[[-1], [-1],
            [-1], [-1], [-1], [-1], [-1], [-1], [-1], [-1], [-1], [-1], [-1], [-1], [-1], [-1], [-1],
            [-1], [-1], [-1], [-1], [-1], [-1], [-1], [-1], [-1], [-1], [-1], [-1], [-1], [-1], [-1],
            [-1], [-1], [-1], [-1], [-1], [-1], [-1], [-1], [-1], [-1], [-1], [-1], [-1], [-1], [-1],
            [-1], [-1], [-1], [-1], [-1], [-1], [-1], [-1], [-1], [-1], [-1], [-1], [-1], [-1], [-1], [-1],
             [-1], [-1], [-1], [-1], [-1], [-1], [-1], [-1], [-1], [-1], [-1], [-1], [-1], [-1], [-1], [-1],
              [-1], [-1], [-1], [-1], [-1], [-1], [-1], [-1], [-1], [-1], [-1], [-1], [-1], [-1],
              [-1], [-1], [-1], [-1], [-1], [-1], [-1], [-1], [-1], [-1], [-1], [-1], [-1], [-1],
               [-1], [-1], [-1], [-1], [-1], [-1], [3], [3], [-1], [-1]], [[-1], [-1], [-1], [-1],
               [-1], [-1], [-1], [-1], [-1], [-1], [-1], [-1], [-1], [-1], [-1], [-1], [-1], [-1],
                [-1], [-1], [-1], [-1], [-1], [-1], [-1], [-1], [-1], [-1], [-1], [-1], [-1], [-1],
                [-1], [-1], [-1], [-1], [-1], [-1], [-1], [-1], [-1], [-1], [-1], [-1], [-1], [-1], [-1], [-1], [-1], [-1], [-1], [-1], [-1], [-1], [-1], [-1], [-1], [-1], [-1], [-1], [-1], [-1], [-1], [-1], [-1], [-1], [-1], [-1], [-1], [-1], [-1], [-1], [-1], [-1], [-1], [-1], [-1], [-1], [-1], [-1], [-1], [-1], [-1], [-1], [-1], [-1], [-1], [-1], [-1], [-1], [-1], [-1], [-1], [-1], [-1], [-1], [-1], [-1], [-1], [-1], [-1], [-1], [-1], [-1], [-1], [-1], [-1], [-1], [-1], [-1], [-1], [-1], [-1], [-1], [-1], [-1], [-1]]], [[[-1], [-1], [-1], [-1], [-1], [-1], [-1], [-1], [-1], [-1], [-1], [-1], [-1], [-1], [-1], [-1], [-1], [-1], [-1], [-1], [-1], [-1], [-1], [-1], [-1], [-1], [-1], [-1], [-1], [-1], [-1], [-1], [-1], [-1], [-1], [-1], [-1], [-1], [-1], [-1], [-1], [-1], [-1], [-1], [-1], [-1], [-1], [-1], [-1], [-1], [-1], [-1], [-1], [-1], [-1], [-1], [-1], [-1], [-1], [-1], [-1], [-1], [-1], [-1], [-1], [-1], [-1], [-1], [-1], [-1], [-1], [-1], [-1], [-1], [-1], [-1], [-1], [-1], [-1], [-1], [-1], [-1], [-1], [-1], [-1], [-1], [-1], [-1], [-1], [-1], [-1], [-1], [-1], [-1], [-1], [-1], [-1], [-1], [-1], [-1], [-1], [-1], [-1], [-1], [-1], [-1], [-1], [-1], [-1], [-1], [-1], [-1], [-1], [-1], [-1], [-1], [-1]], [[-1], [-1], [-1], [-1], [-1], [-1], [-1], [-1], [-1], [-1], [-1], [-1], [-1], [-1], [-1], [-1], [-1], [-1], [-1], [-1], [-1], [-1], [-1], [-1], [-1], [-1], [-1], [-1], [-1], [-1], [-1], [-1], [-1], [-1], [-1], [-1], [-1], [-1], [-1], [-1], [-1], [-1], [-1], [-1], [-1], [-1], [-1], [-1], [-1], [-1], [-1], [-1], [-1], [-1], [-1], [-1], [-1], [-1], [-1], [-1], [-1], [-1], [-1], [-1], [-1], [-1], [-1], [-1], [-1], [-1], [-1], [-1], [-1], [-1], [-1], [-1], [-1], [-1], [-1], [-1], [-1], [-1], [-1], [-1], [-1], [-1], [-1], [-1], [-1], [-1], [-1], [-1], [-1], [-1], [-1], [-1], [-1], [-1], [-1], [-1], [-1], [-1], [-1], [-1], [-1], [-1], [-1], [-1], [-1], [-1], [-1], [-1], [-1], [-1], [-1], [-1], [-1]]]]